4.983185203673e+01
 5.883243264416e+01
 1.515612652777e+02
 4.751572795861e+01
 7.693567633350e+01
 7.483071849430e+01
 1.274835776055e+02
 6.371517927264e+01
 5.642884062427e+01
 2.898823313254e+02
 4.267872667096e+01
 6.765716678647e+01
 8.488414917230e+01
 5.911586152494e+01
 3.433161601504e+01
 5.216310601355e+01
 8.112787238415e+01
 5.018256257426e+01
 2.258686241212e+02
 6.850757176950e+01
 3.945429363369e+01
 1.493096402559e+02
 6.320037206976e+01
 2.136148210071e+02
 4.963864794438e+01
 8.100531418346e+01
 7.246527084007e+01
 2.124188881216e+01
 4.452187247117e+01
 4.458256126232e+01
 4.479302983334e+01
 3.910472304437e+01
 4.454938881962e+01
 8.162119621186e+01
 5.288002828863e+01
 5.067600494908e+01
 5.504612221945e+01
 5.587205631796e+01
 2.428026407434e+02
 6.878512705949e+01
 6.788011174767e+01
 6.236245869710e+01
 9.396249063581e+01
 4.453728167934e+01
 5.009057826568e+01
 2.430853088122e+02
 4.077498127801e+01
 6.600489073873e+01
 8.104572669138e+01
 2.704098609616e+02
 3.408607380029e+01
 3.223958390609e+01
 7.167638919118e+01
 6.643531707525e+01
 5.562944874503e+01
 8.153304551131e+01
 2.494344920411e+02
 6.945438116108e+01
 2.441785047480e+01
 4.105256675144e+01
 5.862243535914e+01
 6.289689269897e+01
 3.421326217253e+01
 7.199005188584e+01
 8.511736500190e+01
 3.658918713492e+01
 2.201697420007e+02
 3.446975118793e+01
 5.314408767456e+01
 6.488642450549e+01
 3.518352643273e+01
 1.176143328065e+02
 6.255369861462e+01
 4.213566259901e+01
 1.003605775158e+02
 4.643776388496e+01
 6.234354097997e+01
 2.183362256347e+01
 7.866029093717e+01
 6.913804081366e+01
 5.793818419956e+01
 5.937119243752e+01
 5.787535875420e+01
 4.333033646083e+00
 8.210565782849e+01
 5.221071523776e+01
 2.844990201397e+02
 7.097453439211e+01
 4.261359189222e+01
 4.541296928015e+01
 2.729257038277e+01
 6.743604300052e+01
 6.260761903252e+01
 1.489167905433e+02
 7.998704751872e+01
 4.903666276021e+01
 4.414927825300e+01
 3.315659326749e+01
 4.887182146109e+01
 4.997827389555e+01
 5.241590446339e+01
 6.039164141665e+01
 1.925556459118e+01
 6.496913941635e+01
 7.717609220460e+01
 5.106222481327e+01
 4.171006012152e+01
 3.766095824326e+01
 6.043287945567e+01
 4.511113934669e+01
 2.788567673383e+02
 4.041575585773e+01
 2.641546644191e+02
 6.512437686545e+01
 3.677145246471e+01
 5.351780607968e+01
 4.273506303451e+01
 2.532053286218e+02
 2.149174352446e+01
 6.741876422483e+01
 6.768726940070e+01
 1.822191847093e+02
 6.759900668120e+01
 5.777902013431e+01
 2.226713904220e+01
 9.385142036244e+01
 1.645083218244e+01
 7.893763844158e+01
 5.075163818929e+01
 1.050041583976e+02
 6.146773107565e+01
 1.235659287758e+02
 5.723476682982e+01
 4.319661939939e+01
 5.088172835009e+01
 3.754319024004e+01
 7.136921682437e+01
 1.050618616970e+01
 2.511132872360e+01
 7.321792277858e+01
 5.882584978312e+01
 5.524681464098e+01
 8.429807850111e+01
 6.489911162955e+01
 7.952851918926e+01
 4.837518708174e+01
 4.789092592108e+01
 7.212260716435e+01
 9.600234048802e+01
 4.025138414420e+01
 6.134955714485e+01
 5.525432300696e+01
 5.529215904925e+01
 5.449837336330e+01
 2.817166609342e+02
 4.954086258309e+01
 4.681775618625e+01
 6.977336427006e+01
 2.431374913442e+02
 1.574025408612e+02
 8.522654936036e+01
 4.432900297377e+01
 9.045752038565e+01
 5.936491457872e+01
 2.119208752288e+02
 2.051916820039e+02
 8.398579197160e+01
 6.716968074087e+01
 7.684071855586e+01
 1.446305709159e+02
 4.524132425297e+01
 4.097055246928e+01
 5.437737309539e+01
 6.969839462547e+01
 5.870934882442e+01
 5.034486396561e+01
 3.475963844975e+01
 6.379109765988e+01
 1.325105830652e+02
 7.247614059252e+01
 5.526487404179e+01
 5.332842598422e+01
 6.696379190895e+01
 3.994405162349e+01
 7.731025460620e+01
 8.470223755174e+01
 6.282699626734e+01
 1.651075698480e+02
 7.170884837458e+01
 6.854064896708e+01
 3.239116675089e+02
 5.231959990264e+01
 3.215098859100e+01
 2.494707378368e+02
 4.199021959589e+01
 4.460967110758e+01
 6.054253412907e+01
 4.142240903129e+01
 4.458787728550e+01
 5.085198711725e+01
 3.011265331661e+01
 4.301108329937e+01
 3.850449765327e+01
 4.509822649453e+01
 5.306714911117e+01
 1.647279170261e+02
 3.989487772680e+01
 5.826103149341e+01
 8.066917380031e+01
 7.656914666825e+01
 1.936566693047e+01
 6.234090122937e+01
 7.885255878287e+01
 6.689147286116e+01
 4.425540567201e+01
 2.327526809240e+02
 5.281852897559e+01
 5.922484802308e+01
 8.437205941359e+01
 6.367715082479e+01
 3.088127093557e+02
 5.674899556621e+01
 6.134793222558e+01
 4.802131803786e+01
 2.371654174897e+02
 4.087749772208e+01
 5.045322414218e+01
 6.500168226698e+01
 4.265887832524e+01
 2.388199237340e+02
 4.617646807644e+01
 2.594084526621e+01
 3.978891921769e+01
 5.652799102881e+01
 2.688379469471e+02
 3.728778059376e+01
 5.639742323943e+01
 8.614551018941e+01
 6.784981991762e+01
 3.782349898147e+01
 1.768218094995e+02
 4.838580995262e+01
 7.078019394058e+01
 6.975318534191e+01
 2.381353064986e+01
 9.228725626906e+01
 2.778754808254e+01
 6.244759060181e+01
 7.461174876884e+01
 1.976434173431e+02
 4.060385483206e+01
 5.035857892130e+01
 9.578056557026e+01
 7.422436800613e+01
 9.169855357113e+01
 2.461136790863e+01
 6.574356779269e+01
 7.386452789181e+01
 5.595621655487e+01
 3.128874487679e+01
 7.380523000739e+01
 7.376317173499e+01
 3.157013011492e+01
 5.103340800617e+01
 2.240320392349e+01
 4.109424477313e+01
 5.014073947700e+01
 2.366434016142e+01
 4.258515207692e+01
 7.481348249131e+01
 7.672808172274e+01
 5.777195295208e+01
 3.353094772832e+01
 7.329354642846e+01
 2.276631899372e+01
 2.221359088677e+02
 7.096454749289e+01
 5.165999886996e+01
 5.882828198976e+01
 6.657127966743e+01
 3.415007181316e+02
 8.562209843131e+01
 6.413714766667e+01
 4.844994505560e+01
 2.616607211705e+02
 6.108727795645e+01
 5.826108917518e+01
 6.137825836965e+01
 4.709683952367e+01
 5.184370081364e+01
 8.071934348337e+01
 2.775639293699e+01
 6.833489467480e+01
 4.253623331985e+01
 6.612262564441e+01
 7.355706530984e+01
 5.706378875533e+01
 7.642217674037e+01
 4.202141465153e+01
 7.846410118366e+01
 4.701993157015e+01
 2.390175680661e+01
 8.614828361404e+01
 5.339919242816e+01
 6.586947434582e+01
 6.161076464611e+01
 6.058854981733e+01
 1.689287325753e+02
 5.927012385880e+01
 4.524437576227e+01
 5.773363210386e+01
 4.371226325955e+01
 2.736370859938e+01
 4.557667157189e+01
 7.956102356913e+01
 5.779341474032e+01
 7.478078462391e+01
 7.537271867705e+01
 6.246648317787e+01
 3.072514725238e+01
 4.164093735250e+01
 2.109432370553e+02
 6.501118858394e+01
 3.407580277130e+01
 9.176492383043e+01
 2.245039562526e+01
 1.009350314308e+02
 4.813635162752e+01
 5.236342114618e+01
 9.225199738324e+01
 4.731040885339e+01
 6.766576784776e+01
 6.167919661296e+01
 3.227883794605e+02
 5.434313207595e+01
 4.151745383220e+01
 3.665910965107e+01
 2.071861933840e+02
 4.535625980391e+01
 6.881989947564e+01
 4.985736560670e+01
 4.819693093487e+01
 4.663623143478e+01
 5.067641592039e+01
 5.568415085411e+01
 8.295238045306e+01
 5.547383215007e+01
 8.244103149981e+01
 5.656054131999e+01
 5.563843626870e+01
 5.622398301335e+01
 5.047393719906e+01
 6.473408711625e+01
 6.554861176910e+01
 5.941524220012e+01
 2.421481304286e+02
 4.917259780796e+01
 8.668557067254e+01
 5.930067183138e+01
 4.690696118332e+01
 5.107901984795e+01
 4.904089942176e+01
 6.294921441321e+01
 4.523501435092e+01
 9.186688753929e+01
 5.233131352948e+01
 8.474149315797e+01
 4.832389679936e+01
 4.880633002412e+01
 1.472095366719e+02
 1.768991601897e+02
 3.340841972831e+01
 5.429253516402e+01
 9.878371886761e+01
 7.713709265530e+01
 4.804786097292e+01
 2.762731025644e+02
 5.852814356595e+01
 6.834969891023e+01
 5.654856845200e+01
 2.063360826879e+02
 6.102066673145e+01
 2.490278484335e+01
 4.383489179288e+01
 5.636288966095e+01
 1.600979358533e+02
 4.404590881925e+01
 4.097956137640e+01
 5.914272456839e+01
 1.501836266375e+02
 3.666487492251e+01
 4.528254985166e+01
 7.410385074467e+01
 8.201917470713e+01
 5.640104957282e+01
 6.014072181104e+01
 4.465694014711e+01
 6.323605805128e+01
 5.284314886145e+01
 2.505264950415e+01
 4.489742518786e+01
 6.870451639324e+01
 3.864079518213e+01
 4.564798270654e+01
 3.615636657620e+01
 5.126550845116e+01
 5.449556892798e+01
 5.280942156395e+01
 6.392398196014e+01
 9.239866252939e+01
 7.262152488377e+01
 1.952484961542e+02
 3.464732431470e+01
 3.177293682422e+01
 7.141847893324e+01
 6.296884376213e+01
 6.819054657935e+01
 5.164691962205e+01
 6.126890448526e+01
 3.021720641061e+01
 2.638364585301e+02
 8.864324065951e+01
 8.961784782544e+01
 1.060657188437e+01
 7.255836470806e+01
 5.057482002717e+01
 9.096062445340e+01
 7.001052474153e+01
 7.047293952710e+01
 5.777862485122e+01
 4.193200023144e+01
 2.192146673738e+01
 8.837453930010e+01
 3.179677349885e+01
 2.926198435176e+01
 5.809561777537e+01
 6.723421792418e+01
 3.941383449826e+01
 8.691366066026e+01
 8.002823164592e+01
 4.422981464996e+01
 2.619026451949e+02
 3.468679033056e+01
 5.296388948683e+01
 5.657984681809e+01
 3.515695961776e+01
 5.137084790268e+01
 4.723138812891e+01
 7.543402063353e+01
 6.356418770899e+01
 7.203430445997e+01
 5.177960453071e+01
 3.487137814858e+01
 5.790907219308e+01
 1.436812762056e+01
 5.222310949719e+01
 4.520018201890e+01
 5.015735501915e+01
 6.457963631393e+01
 7.241383633491e+01
 1.342803880470e+02
 6.448519444108e+01
 2.602010530962e+01
 3.719416434634e+01
 5.522829093460e+01
 2.079726415790e+02
 2.514557086878e+02
 7.340301524201e+01
 8.037124038991e+01
 7.401999210183e+01
 3.403920398470e+01
 8.445230999218e+01
 2.863439600509e+01
 4.143832220881e+01
 3.349625962102e+01
 5.159753448027e+01
 4.562295089378e+01
 2.424376583501e+01
 4.595559504125e+01
 9.964817333175e+01
 6.982818987833e+01
 4.355342814283e+01
 6.778228409903e+01
 5.831167132042e+01
 1.681921217227e+02
 3.805891556195e+01
 4.881624607996e+01
 7.139046203696e+01
 3.148463986827e+01
 3.275662618172e+01
 4.559597942457e+01
 5.960856272913e+01
 4.908058638889e+01
 5.406066197040e+01
 5.777909284160e+01
 6.155175626365e+01
 4.974146208961e+01
 2.199174210192e+02
 7.491038270691e+01
 2.476956888432e+01
 5.651276148500e+01
 1.451272875325e+01
 4.297380792584e+01
 3.630399420891e+01
 2.910731530796e+02
 6.074120900464e+01
 5.921060609064e+01
 1.702016784991e+01
 9.160183141466e+01
 6.221192294725e+01
 2.183475941333e+01
 3.997151951704e+01
 2.849799646710e+01
 1.667847366229e+02
 4.952050509742e+01
 2.244612792686e+02
 5.873580586796e+01
 6.647627590446e+01
 5.882353186663e+01
 5.834081020857e+01
 2.208718513686e+01
 6.649840465940e+01
 1.602282009992e+02
 9.058578880945e+01
 5.485805705930e+01
 5.556778173143e+01
 9.146273058454e+01
 8.076197503446e+01
 3.102621600374e+02
 6.172332027453e+01
 6.455172576509e+01
 9.082208128434e+01
 6.746693887089e+01
 6.059093367072e+01
 2.019656718224e+02
 4.851616416408e+01
 4.649016319016e+01
 2.841747373765e+02
 1.507317759253e+02
 6.917277017558e+01
 7.750773709905e+01
 1.037757765863e+02
 5.525859154446e+01
 8.130824906582e+01
 1.510795082347e+02
 1.637078195646e+01
 4.939586980670e+01
 7.212146094563e+01
 7.950506784930e+01
 3.831091039969e+01
 7.250357549934e+01
 3.628850583326e+01
 5.182674985957e+01
 1.087405375713e+02
 4.653395748897e+01
 6.888810994260e+01
 5.109835814891e+01
 2.711088423955e+02
 5.690050832675e+01
 5.256853010139e+01
 4.202507868062e+01
 6.799477421343e+01
 5.056125925251e+01
 1.167545873104e+02
 5.077247476407e+01
 4.623110240378e+01
 1.062998021667e+02
 7.770478800315e+01
 1.611783203624e+02
 3.632801826501e+01
 6.920580545948e+01
 1.778129633448e+02
 7.424565142768e+01
 7.511307086388e+01
 5.344890957452e+01
 5.010564151285e+01
 1.486768147219e+02
 3.329616815879e+01
 5.817971602445e+01
 5.834726229331e+01
 4.336744204205e+01
 2.432395998859e+01
 7.946608536609e+01
 7.963692782354e+01
 7.479159673046e+01
 4.309037046050e+01
 5.495240210910e+01
 5.147630029630e+01
 5.781540195601e+01
 6.222326536222e+01
 5.448639065516e+01
 2.127510198676e+02
 7.484447393893e+01
 4.984864002535e+01
 6.967918760207e+01
 2.053673826264e+02
 5.920561063689e+01
 4.560098778788e+01
 8.101264566415e+01
 2.139163686444e+02
 6.161671743958e+01
 1.336932867194e+02
 4.953909704231e+01
 2.999633083963e+01
 7.161819902467e+01
 2.771876237762e+02
 5.880613967126e+01
 5.895283096352e+01
 5.426090517068e+01
 1.383783196486e+02
 4.154785506679e+01
 4.260572926984e+01
 3.642413755605e+01
 9.368892053031e+01
 4.360762585221e+01
 6.451111642524e+01
 4.104643764197e+01
 7.544043272503e+01
 5.491276755125e+01
 5.171128461473e+01
 7.251105324902e+01
 6.364322679665e+01
 5.670772371036e+01
 6.258558869531e+01
 7.534204439992e+01
 4.860194008935e+01
 4.393402749662e+01
 1.663742352839e+02
 4.930209563096e+01
 4.137441843374e+01
 6.708023201589e+01
 4.428875990442e+01
 7.516133200849e+01
 5.024239952450e+01
 2.173975869971e+02
 6.655954366398e+01
 1.952798427994e+02
 6.181931591988e+01
 8.816103116718e+01
 5.409770377374e+01
 2.708046717658e+02
 5.776466734211e+01
 7.819401622218e+01
 5.924021064804e+01
 4.755257763759e+01
 1.899003599797e+01
 1.520629870456e+02
 2.699079029385e+02
 3.631163214966e+01
 4.455728442343e+01
 3.629596985632e+01
 4.271753935084e+01
 5.097533781970e+01
 4.613165470665e+01
 3.909858336764e+01
 3.145861060182e+02
 5.988152995434e+01
 7.629626623385e+01
 7.322603130331e+01
 1.234181997886e+01
 4.423968703003e+01
 7.880878011722e+01
 5.126733784000e+01
 6.902136071536e+01
 4.616140333400e+01
 5.547177120604e+01
 4.305078517825e+01
 4.676587422328e+01
 7.384934659798e+01
 5.898588445016e+01
 9.318626486731e+01
 2.144884503715e+02
 5.055169731281e+01
 2.602810018080e+01
 1.341027808438e+02
 7.890415027240e+01
 8.125778159987e+01
 5.069227923642e+01
 5.362409961479e+01
 6.939371010167e+01
 4.145792553780e+01
 5.584680710550e+01
 6.434018231167e+01
 4.339499374201e+01
 4.290579764863e+01
 6.183439845191e+01
 3.617330596053e+02
 1.309988717411e+02
 7.535532689256e+01
 8.146713434561e+01
 6.669976727702e+01
 6.662599513005e+01
 7.424722444086e+01
 5.451118630240e+01
 6.290681525762e+01
 4.560051287784e+01
 5.105988249522e+01
 2.862266951602e+02
 1.137335081197e+02
 4.603286604399e+01
 4.159593285475e+01
 3.783897976292e+01
 5.755167565946e+01
 4.478233034241e+01
 6.191369952148e+01
 5.180051912112e+01
 7.466881184650e+01
 5.691203491129e+01
 4.891980649044e+01
 4.988983184538e+01
 4.843228008532e+01
 5.117885997346e+01
 5.595410147734e+01
 6.563055597956e+01
 6.337456957692e+01
 5.218792358050e+01
 3.795154773127e+01
 7.349211505967e+01
 7.391400760519e+01
 7.426215309353e+01
 3.615831542686e+01
 4.545989122814e+01
 8.581220775931e+01
 9.619879113433e+01
 5.703562260830e+01
 5.970678765779e+01
 5.613368321030e+01
 5.946125960933e+01
 5.493422689256e+01
 1.421244385615e+02
 2.004607793311e+01
 1.401415626413e+02
 6.852933052513e+01
 2.630065975504e+01
 3.039139736315e+01
 2.165747989548e+02
 1.145589629189e+01
 7.201024309774e+01
 3.624278075964e+01
 7.107725533460e+01
 6.355206676668e+01
 8.360780134467e+01
 8.524009844412e+00
 2.462744400992e+01
 4.007996743488e+01
 4.378517477921e+01
 7.030901605890e+01
 6.786535443834e+01
 1.794913283580e+02
 5.278708551859e+01
 8.089883115684e+01
 5.253346339676e+01
 3.806789578894e+01
 2.297703322862e+02
 5.615556062051e+01
 5.454781851017e+01
 6.219777128965e+01
 5.581804187093e+01
 3.673086450970e+01
 3.889309909610e+01
 2.469668898902e+01
 6.966541126245e+01
 4.383610440615e+01
 1.982734779991e+01
 4.173778092305e+01
 6.852550790200e+01
 4.168274873330e+01
 2.625621722787e+02
 5.503035390085e+01
 6.147195677448e+01
 7.021740019345e+01
 6.829326651930e+01
 5.150923765830e+01
 3.315239356678e+01
 6.193964084600e+01
 5.150927594756e+01
 2.765899036181e+02
 5.204482435701e+01
 3.004575755129e+01
 7.361734522744e+01
 5.614579341225e+01
 2.495773413711e+02
 3.905461337008e+01
 4.119086751678e+01
 2.677820630025e+01
 5.511720377487e+01
 7.117435372482e+01
 5.172454808340e+01
 3.969436052463e+01
 3.148599454681e+01
 5.866027461719e+01
 6.307027404178e+01
 2.127521648714e+02
 1.009543725344e+02
 7.017929987391e+01
 5.471311525843e+01
 4.215527538043e+01
 5.246829781333e+01
 4.539349995848e+01
 1.161147471036e+02
 3.911075673665e+01
 2.546724170985e+02
 3.071533442141e+01
 6.591041687772e+01
 7.911531934062e+01
 2.955748063060e+01
 6.815963284582e+01
 6.393155113108e+01
 7.976402168818e+01
 7.826026471736e+01
 8.544048191102e+01
 2.876910229254e+01
 7.402853976627e+01
 6.087260208025e+01
 7.234408628568e+01
 8.167586720864e+01
 6.907890316235e+01
 2.535441138849e+02
 4.472334209812e+01
 2.159742108789e+02
 8.046167824033e+01
 4.255661489248e+01
 7.160798887657e+01
 4.938979313362e+01
 5.271178015619e+01
 5.318069901101e+01
 4.309831474223e+01
 5.963114551768e+01
 1.744458443993e+02
 6.945236637599e+01
 8.070937121612e+01
 2.927216783555e+02
 2.302098676450e+02
 6.601303070402e+01
 7.194208208692e+01
 5.606041514634e+01
 1.052022669925e+02
 4.226243930389e+01
 6.793906854409e+01
 4.053878612619e+01
 5.067718052652e+01
 7.399421037415e+01
 5.812999215139e+01
 3.002183156527e+01
 5.969552748721e+01
 2.084505161256e+01
 8.187592482389e+01
 1.701179173325e+01
 7.088248284843e+01
 7.052228031417e+01
 3.971570387622e+01
 7.882058947555e+01
 3.111659170757e+02
 6.731744720311e+01
 6.093952607974e+01
 6.707395941724e+01
 2.244395817223e+01
 3.821523536699e+01
 6.738487958517e+01
 5.102991100543e+01
 5.223881891802e+01
 2.914051216511e+02
 7.582271007880e+01
 5.551927131521e+01
 5.693387395835e+01
 3.255821249279e+01
 7.528653935091e+01
 4.508335291640e+01
 3.293098241579e+02
 3.853102131453e+01
 1.494299053138e+02
 8.050458384853e+01
 5.216494288746e+01
 6.884518664906e+01
 6.012271219344e+01
 3.046866551760e+01
 4.959640059785e+01
 1.458207413026e+02
 2.979906055899e+01
 5.762164190259e+01
 4.585512649865e+01
 7.299031903951e+01
 2.669372937150e+01
 4.175016817161e+01
 1.017463615251e+02
 3.926135117388e+01
 8.757453214474e+01
 5.669413457047e+01
 4.891724152860e+01
 1.703379730815e+02
 6.939560327177e+01
 2.059533517522e+01
 1.604858469702e+02
 3.457473199767e+01
 5.954065211536e+01
 7.181524046896e+01
 2.159495332870e+01
 8.810119572039e+01
 3.860869235186e+01
 8.304042372532e+01
 1.418461099633e+02
 2.663885627395e+02
 3.177216096823e+01
 6.736918933795e+01
 4.776056924483e+01
 4.547982025581e+01
 6.074805859982e+01
 4.850110588302e+01
 9.611546877142e+01
 3.812476166769e+01
 4.963618317616e+01
 1.247626185083e+02
 4.525788405569e+01
 5.558569095984e+01
 6.049918792994e+01
 3.062342348240e+01
 6.187203324418e+01
 3.777986341347e+01
 4.092426660645e+01
 5.935963731681e+01
 2.627843188367e+02
 7.885898789812e+01
 4.079452871365e+01
 5.377161930174e+01
 7.797959366396e+01
 6.472931116932e+01
 6.894283442968e+01
 5.835128552444e+01
 5.483700032674e+01
 7.496217948828e+01
 5.880104724020e+01
 6.687790923618e+01
 3.277228665511e+01
 4.229803364883e+01
 2.460016178775e+01
 1.566232253617e+02
 7.130157695211e+01
 4.059958731073e+01
 4.162189966763e+01
 6.331644586893e+01
 6.315491400915e+01
 7.053863856087e+01
 8.062810310334e+01
 6.787171286534e+01
 5.498094596026e+01
 3.669055260889e+01
 5.499596326633e+01
 8.106875505286e+01
-1.220727838870e+02
 3.685897236240e+01
 5.087957871824e+01
 2.224078079220e+01
 6.587949927258e+01
 5.301882225864e+01
 4.052583509136e+01
 3.219545215319e+02
 6.010125007549e+01
 4.225304873503e+01
 7.631344256578e+01
 9.395524323803e+01
 2.749119339058e+02
 6.310876591228e+01
 5.579844292805e+01
 8.332001843632e+01
 6.241228177908e+01
 5.119159116814e+01
 5.110451808974e+01
 3.700209365327e+01
 6.130995599631e+01
 7.318941738565e+01
 3.627372091070e+01
 6.265776875844e+01
 4.074636735497e+01
 8.042692966488e+01
 4.267589993034e+01
 6.354425582016e+01
 1.293883652350e+02
 9.469564099044e+01
 5.663059338555e+01
 6.075338995685e+01
 4.499196801242e+01
 4.972753934307e+01
 1.031874780310e+01
 4.125563096782e+01
 4.323535474472e+01
 3.843959035221e+01
 6.685578367286e+01
 5.879456904990e+01
 5.747113426565e+01
 3.632806129597e+02
 1.795073682371e+02
 4.559697727051e+01
 7.783799272025e+01
 8.308755251968e+01
 5.940124253614e+01
 5.085449063220e+01
 6.089816525747e+01
 2.955836506806e+02
 4.265659542751e+01
 4.835088734912e+01
 3.954427770192e+01
 6.127247267749e+01
 5.211447261830e+01
 7.715164842362e+01
 2.739723386702e+02
 7.111974812956e+01
 2.967105610494e+02
 2.739654750890e+01
 6.914442675828e+01
 4.933204132954e+01
 5.666552870686e+01
 8.642831123861e+01
 4.608095188718e+01
 3.776221779383e+01
 4.992576813332e+01
 2.952329125980e+01
 1.122226085459e+01
 7.291217259005e+01
 4.048701120298e+01
 1.434431848408e+02
 4.079823519037e+01
 6.983466641371e+01
 4.774815348416e+01
 5.418529981198e+01
 6.269971385997e+01
 5.840994153170e+01
 3.747857158814e+01
 5.193587230425e+01
 5.790001287742e+01
 6.971486013346e+01
 2.834958443958e+01
 5.098388202788e+01
 8.401494368633e+01
 3.811163636178e+01
 7.563863197439e+01
 3.572594418771e+01
 1.339144414902e+02
 6.849166851656e+01
 3.660636408197e+01
 6.907298556767e+01
 3.721967586041e+01
 7.010937079472e+01
 5.197602711503e+01
 8.442114714976e+01
 3.967036137669e+01
 2.932074571256e+02
 4.081102600522e+01
 4.791067313939e+01
 5.481177906986e+01
 4.685777610139e+01
 2.225065277864e+02
 5.351221397488e+01
 5.732744774204e+01
 4.329875596802e+01
 5.426722394809e+01
 4.254255509695e+01
 6.378126455541e+01
 6.775373576150e+01
 4.712838301150e+01
 6.513057561723e+01
 7.034464909571e+01
 3.011755242067e+01
 3.031481928370e+01
 3.841184164580e+01
 4.992384618886e+01
 6.439051058679e+01
 7.210651527810e+01
 2.941710413269e+01
 2.966106886711e+02
 5.864449411120e+01
 1.008974714916e+02
 7.574853242751e+01
 4.343028671059e+01
 7.737819841994e+01
 7.467541403022e+01
 3.109570948807e+02
 2.553843743489e+01
 5.662413270108e+01
 8.102241051825e+01
 2.510938790473e+02
 2.596400399836e+02
 5.136691882445e+01
 8.939530136208e+01
 3.655075722145e+01
 7.140333943027e+01
 6.541560105730e+01
 5.776773647310e+01
 2.400617306571e+01
 6.371497153961e+01
 6.334418104874e+01
 6.348308465027e+01
 6.450786404666e+01
 5.409669664155e+01
 4.971457590462e+01
 7.537751114873e+01
 5.344593276088e+01
 6.162278012079e+01
 2.468642902130e+02
 7.500301310330e+01
 5.668372984614e+01
 1.873538892923e+01
 5.439159743722e+01
 4.928430661845e+01
 4.221375910195e+01
 5.333031456590e+01
 5.384782097372e+01
 6.703462626100e+01
 5.908850292064e+01
 3.679295705509e+01
 7.385007012060e+01
 7.004229665635e+01
 5.194690144225e+01
 8.392339568819e+01
 6.731156272858e+01
 3.297151068633e+02
 6.307683349530e+01
 6.167817283641e+01
 2.483480944915e+02
 2.734104892208e+02
 2.993019680112e+01
-2.336258378424e+00
 4.043699438515e+01
 5.955600303429e+01
 5.394574304304e+01
 3.326228314984e+01
 4.791335533403e+01
 3.607696382420e+01
 6.343662032895e+01
 4.086682872253e+01
 6.015159772040e+01
 2.816729453272e+02
 1.638438189757e+02
 9.022466086579e+01
 5.378578028312e+01
 3.640638669531e+01
 1.964220724232e+02
 4.295210337863e+01
 8.737561505270e+01
 6.032835847117e+01
 4.239566508449e+01
 2.077148317518e+02
 5.410526894345e+01
 3.350627938120e+01
 7.099823434476e+01
 7.772306817653e+01
 6.200790602174e+01
 5.124645375317e+01
 6.025896087282e+01
 6.554480690210e+01
 6.972038815756e+01
 5.009087580302e+01
 7.475388681430e+01
 7.143879090717e+01
 6.766793190755e+01
 6.554356909983e+01
 7.480562791761e+01
 5.963227270740e+01
 5.275258897168e+01
 6.001863646859e+01
 6.000663555791e+01
 7.228121417247e+01
 3.607302698438e+01
 2.131323881780e+02
 2.775404094973e+02
 4.675432018773e+01
 3.524218028709e+01
 6.022341708358e+01
 4.040239883913e+01
 3.316497183053e+01
 7.289660253079e+01
 6.442395719319e+01
 4.609091942021e+01
 1.699904062389e+02
 3.089731810041e+02
 7.745169593720e+01
 1.101232286419e+02
 3.540627145747e+01
 1.306961243628e+02
 2.638610880150e+02
 7.942866412224e+01
 7.941163582374e+01
 5.350468788512e+01
 4.625846433852e+01
 6.389799423797e+01
 7.891819847096e+01
 4.197861997420e+01
 6.022168033643e+01
 5.262554207870e+01
 4.876172769026e+01
 4.735351667646e+01
 1.506267576914e+02
 2.971740575708e+01
 3.858515893131e+01
 4.958062946891e+01
 5.910286885156e+01
 5.710985245443e+01
 5.303262709124e+01
 3.778483484240e+01
 2.298034345977e+02
 6.788150237078e+01
 3.842095449121e+01
 2.336164408863e+02
 7.898479823781e+01
 4.605997129659e+01
 4.511085882210e+01
 5.012459135864e+01
 5.826234159029e+01
 2.782589559420e+01
 8.446370467828e+01
 7.292133780136e+01
 2.369417998017e+01
 6.541712155546e+01
 3.447623961107e+01
 6.866394760506e+01
 3.438971697460e+01
 5.660409114741e+01
 7.223118964036e+01
 1.608558420287e+02
 7.745305637268e+01
 5.349757135952e+01
 7.964682806491e+01
 1.533080331391e+02
 2.453360054825e+01
 7.612308891853e+01
 7.469455469070e+01
 2.465336391750e+02
 3.571462567087e+01
 6.787879896523e+01
 4.750333891196e+01
 6.727334141654e+01
 2.845292599958e+01
 5.950442553910e+01
 7.041934079510e+01
 8.106634154790e+01
 7.896605109116e+01
 5.734200993978e+01
 6.664205088123e+01
 3.239068654841e+01
 6.520680827436e+01
 5.895768257592e+01
 5.887467941888e+01
 9.898965118187e+01
 9.040063146015e+01
 6.678512204778e+01
 6.721621501740e+01
 3.160992781393e+01
 7.470899192895e+01
 4.829355300115e+01
